
0.03159491
0.09079528
-0.12881
0.107637
-0.05491262
-0.01610858
-0.05856443
-0.1084479
-0.08255672
-0.2083654
-0.08303251
-0.2239675
-0.2739193
-0.2482232
-0.3804198
-0.4110867
-0.4260188
-0.6164594
-0.5632827
-0.763927
-0.8187858
-0.9740124
-0.9435144
-1.266991
-1.226703
-1.371254
-1.064172
-1.206823
-0.9907273
-1.122987
-1.061585
-0.958201
-0.9873829
-1.04478
-0.9975384
-0.7418266
-0.8527332
-0.956976
-0.9440662
-0.9045264
-0.9448875
-0.826173
-1.012875
-1.037913
-0.9814372
-0.886201
-0.7841285
-0.7492656
-0.5998205
-0.590581
-0.6666912
-0.7814158
-0.7670233
-0.6654813
-0.6324167
-0.654585
-0.6400663
-0.6679429
-0.6922234
-0.5610915
-0.7477309
-0.79676
-0.8697453
-0.8523245
-0.922575
-0.9442664
-0.874152
-1.184312
-1.079543
-1.026942
-1.145945
-1.028001
-0.9448149
-0.9941581
-0.9742718
-0.895125
-0.8016527
-0.8159962
-0.7564622
-0.7737411
-0.9431545
-0.9895646
-0.9634307
-1.016507
-0.9526818
-0.769555
-0.7429097
-0.5732445
-0.6681362
-0.7620872
-0.6533127
-0.6975062
-0.7913958
-0.776125
-0.7025227
-0.7196303
-0.8055134
-0.79165
-0.6556096
-0.5166107
-0.4172992
-0.4475369
-0.4997527
-0.4531433
-0.5389728
-0.344954
-0.3808887
-0.21506
-0.0797054
0.06409993
-0.05410796
0.09853783
0.01133469
0.001429773
-0.1963136
-0.2953382
-0.2670363
-0.2077095
-0.1156127
-0.0769823
0.1219295
0.2100638
0.1742566
-0.1705372
-0.116315
-0.1912703
-0.2696063
-0.1949249
-0.4337333
-0.5752881
-0.5415196
-0.587726
-0.5664177
-0.9532911
-0.7981951
-0.5733448
-0.5260283
-0.4263075
-0.3928642
-0.4910781
-0.5892057
-0.5613608
-0.7004977
-0.5391415
-0.6465027
-0.4441861
-0.5039378
-0.3219683
-0.3105046
-0.235695
-0.3571605
-0.5508198
-0.5184536
-0.3313524
-0.2184608
-0.3194882
-0.1483134
-0.2131084
-0.2314597
-0.09300107
-0.152467
-0.01016034
0.2541783
0.2804046
0.06924338
0.06737343
0.1349274
0.1017874
0.1538627
0.3060181
0.1761103
0.1242705
-0.1171688
-0.3222724
-0.2614424
-0.5228248
-0.2066212
-0.3532887
-0.3699425
-0.3524829
-0.4026153
-0.5411457
-0.52944
-0.4980842
-0.4508737
-0.3191608
-0.156208
-0.3275482
-0.2932309
-0.3072318
-0.4688349
-0.3638661
-0.3514745
-0.4579009
-0.2597802
-0.1941239
-0.09028683
-0.01920493
-0.1316438
-0.08577242
0.2411487
0.5941344
0.6803331
0.6431307
0.5163396
0.7147565
0.7703971
0.7919188
0.752974
1.003493
1.073754
0.9347766
0.9536086
1.07919
1.090638
0.8621254
0.6891237
0.6632316
0.5928071
0.6868353
0.6557931
0.4012888
0.4831015
0.5495095
0.6628676
0.5487129
0.5841769
0.3490698
0.2469682
0.0497894
0.1821838
0.3836937
0.3522647
0.4222056
0.3678754
0.2504683
0.1200672
0.1412396
0.05565212
0.1140442
0.315003
0.2930454
0.3373247
0.3196538
0.1304518
0.3218462
0.3116649
0.3810732
0.3908799
0.5513639
0.6774568
0.4059917
0.4331047
0.4747198
0.4541349
0.4187474
0.5552793
0.6644113
0.8183637
0.7992655
0.7074498
0.7589833
0.8535687
0.8728658
0.7292263
0.6371858
0.7370616
0.5740112
0.8824396
0.921862
0.8505627
0.859601
1.052068
1.006495
0.9264005
0.9350332
0.9064541
0.8033961
0.8059228
0.9830575
1.075848
1.014984
1.065213
1.023023
1.074175
0.8800664
0.7821498
0.7924285
0.8492528
0.4876182
0.4764477
0.6580188
0.7018831
0.6197119
0.6749484
0.6693915
0.7794717
0.8319427
0.7723166
0.5098071
0.3615728
0.2994161
0.2990763
0.1739262
0.08279689
0.3294083
0.3617538
0.33189
0.2794367
0.2971345
0.2119696
0.1664894
0.2546756
0.1173664
0.04405758
0.1724779
0.01970819
0.05466975
-0.06090001
-0.0155835
0.1088654
0.1794816
0.161725
0.2459845
0.339904
0.1884296
0.0302219
0.2044266
0.4018077
0.3159682
0.1955777
0.284181
0.3482044
0.3917945
0.2512873
0.2828704
0.09867833
0.3190265
0.380641
0.5377194
0.5548396
0.6200472
0.4442163
0.4812571
0.6036266
0.6616424
0.7876733
0.5440365
0.5003364
0.3274699
0.3045383
0.3392279
0.4190311
0.489144
0.3105906
0.4844972
0.7515843
0.7114619
0.6005777
0.5089714
0.5454313
0.7051379
0.6316541
0.6498037
0.7636971
0.7974964
0.7063241
0.7896062
0.8847936
0.9352437
0.9266067
0.8945196
0.8864058
0.6399863
0.5129154
0.3927144
0.4372727
0.4852636
0.4424938
0.5667875
0.5733844
0.5038796
0.4166422
0.3609377
0.418362
0.3183532
0.3959907
0.4715283
0.3527748
0.5266562
0.5505104
0.6514664
0.7858322
0.7606885
0.9362034
0.99316
0.9955364
0.9706677
1.118353
1.332905
1.270652
1.481141
1.537332
1.370023
1.447469
1.40865
1.232884
1.425155
1.52142
1.518706
1.471832
1.494275
1.342771
1.337102
1.314051
1.448482
1.582411
1.467055
1.52291
1.479834
1.497719
1.51918
1.539766
1.628466
1.698804
1.742295
1.706615
1.614814
1.542056
1.331029
1.198164
1.244956
1.170422
1.171021
1.244532
1.124219
1.147892
1.213801
1.209989
1.118534
1.014421
0.9549307
0.912962
0.9649994
0.9488244
0.877758
1.002272
1.087797
0.9527334
0.946607
0.9128598
0.5730517
0.5605634
0.5458042
0.6151675
0.7895817
0.8150737
0.688365
0.6167775
0.4863249
0.3587549
0.3732162
0.4094903
0.4512658
0.4602673
0.5769747
0.3703325
0.4548784
0.55218
0.5281734
0.4985247
0.3007887
0.2162366
0.276504
0.2926416
0.1437297
0.1498637
0.2080287
0.3984564
0.3772903
0.2550789
0.07507912
0.1177752
0.2241869
0.2857403
0.2745904
0.1274274
0.2937579
0.178773
0.2441864
0.4266223
0.5792128
0.6579902
0.6158436
0.7353777
0.9870281
1.011623
0.9307522
0.9558878
0.9906022
1.164152
1.154222
1.16045
1.037772
1.032151
1.14547
1.307519
1.074168
0.8199726
1.014611
1.061757
1.145179
1.259123
1.299357
1.313977
1.287262
1.35567
1.411538
1.414179
1.411367
1.191974
1.022855
0.8727567
0.8454775
0.8744973
0.8648809
0.8044509
0.5205283
0.5660972
0.4356008
0.2850382
0.2107499
0.1678163
0.01718832
-0.0731312
-0.3027248
-0.3571037
-0.4413652
-0.4029023
-0.3140724
-0.5625813
-0.5183809
-0.4395889
-0.5074034
-0.6164465
-0.6122444
-0.4529212
-0.2579899
-0.3036788
-0.198759
-0.3051333
-0.3491149
-0.4991204
-0.4207997
-0.6155323
-0.6128958
-0.5761164
-0.5395996
-0.5554646
-0.7607495
-0.9798827
-1.028043
-1.027078
-1.206094
-1.073366
-1.258476
-1.152889
-1.165414
-1.154786
-1.102443
-1.182259
-1.324599
-1.201802
-1.13533
-1.078936
-0.9948584
-1.024967
-0.9478202
-1.045959
-1.094909
-1.019788
-1.143689
-1.134279
-0.9825225
-0.9097728
-0.8935559
-0.9590275
-1.049399
-1.139188
-1.105801
-1.006957
-1.007823
-1.069677
-1.037985
-1.103165
-1.092555
-1.268322
-1.25504
-1.20794
-1.294947
