2.065246
1.610414
2.092594
3.773558
1.988529
1.548128
2.04275
1.660518
0.9703189
2.038707
1.288579
1.421501
2.800859
1.046972
1.077707
3.033
0.7796237
1.966683
1.788145
2.178813
1.471817
2.009024
2.010606
1.417492
3.460707
1.208799
1.528733
1.519687
1.565165
2.198369
1.226076
2.934268
2.240689
3.875632
1.255946
3.421319
2.902064
2.662594
1.53103
1.148951
1.244832
2.313605
1.042783
1.686727
1.145801
1.841049
2.105911
1.863622
1.760931
2.328267
1.085098
1.111692
2.545068
2.416654
1.344794
2.888413
2.462519
2.781582
1.626263
0.974727
0.8818292
1.630205
1.794314
3.558079
1.689407
1.481822
1.558233
1.179554
1.217104
1.027199
2.587449
2.825127
2.777504
0.9571291
4.044142
2.121814
1.738824
2.025436
1.234171
1.040388
1.481678
2.928973
1.641848
5.608057
2.25694
1.20432
2.528645
1.089428
1.564221
3.273683
3.100683
1.561077
1.716098
2.887924
2.40716
0.6838968
2.555649
2.118731
1.681722
2.341325
0.9029963
2.638513
1.247339
0.8029954
3.311809
2.054748
2.707251
2.160558
1.840933
3.705239
1.614852
1.341532
1.105229
1.731212
2.199123
2.221196
2.632497
0.8880429
2.199856
1.771173
1.102618
8.461073
7.640962
4.911122
3.796971
1.736944
3.144967
2.666443
1.691373
3.679951
1.918168
3.885687
1.34251
2.333926
5.92426
1.320437
0.8339983
1.906227
2.506313
3.014944
1.849577
1.778842
1.245988
2.265069
1.461105
0.7606146
1.451888
2.734782
1.539341
5.377734
1.257636
1.750648
4.814301
1.728064
7.710729
1.665528
4.77127
0.7486911
1.441528
2.056537
1.701909
0.889648
4.524303
1.377454
1.314762
1.41796
2.18653
2.673187
1.909707
1.169566
3.207365
0.8032036
1.513289
1.792507
1.993736
4.196949
6.584131
1.129209
1.314999
1.260221
0.9000969
10.56175
2.013846
5.482482
1.296442
1.728958
1.27821
3.021476
1.356796
1.699731
1.065695
1.554299
3.105339
2.935934
3.509119
1.503362
2.537733
1.397857
3.8068
1.730693
1.206213
3.411326
0.7378322
1.092771
1.979585
1.310814
3.897871
2.14533
3.819009
1.624139
2.058944
1.095374
3.443019
3.060787
0.7659389
4.437472
3.313633
1.460004
3.903592
1.187018
4.893059
3.462468
2.445186
2.136807
1.931847
1.385793
1.74164
2.963111
1.572317
0.941872
2.667085
1.262684
3.131815
1.740728
1.542674
1.88005
6.709927
3.724118
2.785042
2.425269
0.9691729
1.210091
4.488837
2.65912
1.246169
2.007604
9.25232
1.155571
1.823821
2.818408
1.142395
1.483935
5.493314
1.223689
1.306085
1.426144
1.447346
2.169482
2.703409
3.559355
8.780747
1.32588
1.419378
3.034996
2.049864
1.992785
2.46214
7.390883
1.448974
0.8978733
1.492692
1.480308
0.6374866
2.988253
1.975051
0.7020753
1.154096
2.15279
1.323451
2.380355
1.301791
2.701288
7.629878
1.343439
1.030619
1.884324
1.420777
2.614771
2.306774
1.19266
1.785637
2.742249
1.179711
0.6353509
1.945503
1.603925
1.958987
0.8485124
2.569167
4.230549
1.86561
1.778306
0.887335
3.588888
2.067405
1.620381
14.32765
1.534035
1.223154
1.366725
2.11364
2.931092
1.123372
2.702207
8.307952
0.9142502
7.133714
1.682822
6.020392
1.511247
2.655421
1.846694
2.307508
1.301158
3.741924
2.007223
1.88025
3.881456
5.249734
2.789007
1.489386
1.179838
1.605265
2.577462
1.938483
6.138185
2.317545
2.054074
2.443989
1.588648
2.548704
2.886706
2.195759
1.195746
0.7088053
1.009809
15.01022
2.300523
1.638132
1.571042
2.074844
3.104243
4.7349
4.65487
4.085428
2.531034
3.019733
2.609117
1.148989
3.286143
1.83067
2.763934
2.655057
3.079753
2.835418
1.930364
2.861862
3.952265
3.602098
2.224124
1.192916
3.672252
2.104874
2.87878
2.115008
1.366148
1.708662
1.148017
1.681425
3.166794
1.449964
1.18045
1.259161
0.891791
3.310412
10.33133
4.600343
2.306925
3.49891
2.780279
1.101953
2.958011
2.014443
1.331796
2.336895
4.52661
2.180155
0.9340185
2.240732
2.482486
2.04565
1.417045
1.241168
1.087505
1.613855
3.949098
0.8653941
1.502361
3.380918
1.219466
2.010973
4.987564
1.419101
5.75809
2.13949
2.307
1.76245
3.385641
1.629454
1.752526
2.502008
3.049801
2.201876
5.800653
1.372102
2.349339
2.551763
1.479425
1.909774
0.8243203
6.057097
0.9068225
1.476612
2.896504
2.390222
1.481359
2.996478
0.8183595
3.361494
2.907489
1.658451
2.13822
0.7837614
2.432825
4.543821
4.079839
1.903117
1.0922
1.715343
10.4961
1.060546
1.719908
6.728891
1.112751
1.470443
1.799011
1.123172
2.10788
1.814738
2.271082
1.780009
1.851395
3.403571
1.162733
2.380354
1.764019
8.111785
4.097042
1.898377
1.66852
3.372305
2.948456
3.727618
1.434684
2.393121
2.761543
1.517291
2.504562
0.8911645
4.772673
3.355807
1.335788
1.795752
3.202332
2.608158
5.385389
1.239571
12.74932
1.648098
1.66249
3.481915
1.085585
1.568869
4.28991
1.773307
1.31483
1.525537
4.107286
2.029393
1.778432
0.9706984
1.547447
1.457536
2.737226
1.440799
3.186873
9.194706
3.056166
1.833074
3.716902
1.56707
2.823837
0.9729696
1.164754
3.862783
3.826064
2.955296
1.793475
1.816176
1.768527
2.010894
1.226116
1.770049
1.158185
4.189964
3.874308
2.763556
2.906268
1.711041
2.376307
1.514155
3.444374
3.754908
1.23148
2.525709
4.759458
0.5168447
2.433849
3.725493
2.023029
2.65491
2.138488
2.46878
1.324131
1.112823
1.756948
2.140186
6.338696
2.821509
1.201841
1.933146
4.305849
1.039089
4.298643
2.836461
2.040939
2.612689
2.970633
1.667768
2.17863
2.657717
2.628409
3.014707
3.132206
1.350026
1.131039
6.18736
4.897378
2.069133
1.387306
2.833786
1.857947
2.758271
2.372651
3.920118
3.579831
2.028599
2.472127
1.31709
2.948051
2.277698
0.9884241
1.48026
3.203053
1.198679
2.251547
5.808705
1.798918
1.396652
1.63606
2.056398
3.540138
1.815035
9.098911
2.132851
3.079551
1.806388
1.526774
3.871591
2.500186
