5.47137
5.795231
6.239451
6.339812
6.834313
6.650126
6.74254
6.683298
6.618348
6.858462
6.805211
6.775226
6.916073
7.052528
7.05848
7.16595
7.16506
7.202833
7.199929
7.296478
7.347305
7.554309
7.497196
7.572658
7.620057
8.014247
7.786063
7.935423
7.812109
8.12149
8.159943
7.968303
7.880593
7.919458
7.820616
7.661578
7.866011
7.998012
8.051012
8.055516
8.144578
8.097553
8.353926
8.270261
8.231534
8.35998
8.128814
8.129441
8.01611
7.87518
7.90874
7.99374
7.985612
7.883507
7.833125
7.861477
7.732373
7.749787
7.761501
7.681319
7.731752
7.556059
7.718995
7.71127
7.767781
7.918314
7.906679
7.964862
7.732354
7.578735
7.548178
7.547584
7.504695
7.596715
7.709845
7.798434
7.727335
7.896014
7.715859
7.813445
7.800538
7.858316
7.797585
7.887411
7.718997
7.81908
7.839021
7.668797
7.710114
7.678157
7.556193
7.679625
7.717989
7.684715
7.612875
7.607759
7.790388
7.889543
7.873318
7.55073
7.506249
7.475785
7.452008
7.519183
7.385775
7.194421
7.222901
7.255085
7.347497
7.293369
7.431829
7.231182
7.311638
7.257782
7.609372
7.700185
7.680167
7.626899
7.417471
7.366526
7.404658
7.276015
7.3459
7.630522
7.513498
7.562911
7.587428
7.621579
7.536612
7.523066
7.524409
7.440041
7.480092
7.841374
7.700296
7.510301
7.496057
7.43157
7.43276
7.617314
7.596577
7.415725
7.486448
7.352333
7.486035
7.248895
7.239976
7.121846
7.255059
7.274917
7.32874
7.24885
7.245543
7.064366
6.910263
6.970428
7.082832
7.038468
6.989527
7.017544
7.148528
7.042939
7.016155
6.79412
7.004778
7.018069
7.077826
7.04956
6.93269
6.684306
6.767759
6.820467
7.023375
6.935215
6.865371
6.91013
6.847875
7.043756
7.078689
6.972374
6.98589
7.12847
7.184176
7.07354
6.996794
7.059739
7.010032
7.184579
7.207576
7.349903
7.225634
7.00602
7.088899
7.151615
7.069812
7.01336
6.799257
7.007996
7.227582
7.250529
7.214364
7.13529
7.270137
7.176181
7.242193
7.103671
7.12785
7.111469
7.215695
7.013677
6.863997
6.887145
6.9538
6.969652
7.074945
7.306955
7.469193
7.432954
7.462108
7.267534
7.234978
7.393101
7.344675
7.391244
7.397904
7.44751
7.505189
7.60252
7.546815
7.646479
7.568347
7.526934
7.386498
7.281235
7.233385
7.275805
7.303961
7.205981
7.269576
7.342852
7.372987
7.463128
7.457928
7.418315
7.562447
7.469787
7.475656
7.408757
7.355735
7.264003
7.144529
7.270297
7.246446
7.151973
7.020663
6.879186
6.812061
6.737026
6.655416
6.655613
6.743579
6.702517
6.483643
6.469934
6.559138
6.514913
6.42695
6.635615
6.419618
6.63854
6.728245
6.651562
6.712107
6.723872
6.822651
6.864708
6.880921
7.001983
6.88209
6.860582
6.84646
6.805859
6.777625
6.967332
7.04005
7.17789
7.169435
7.126179
7.101361
7.340351
7.426056
7.231302
7.243088
7.26091
7.282203
7.122781
6.759849
6.680776
6.596771
6.613576
6.704599
6.544839
6.517737
6.457126
6.359458
6.226403
6.311299
6.297008
6.180906
6.06761
6.004754
6.036983
5.945202
6.021606
6.072908
6.13277
6.231038
6.340734
6.436102
6.284857
6.264709
6.22522
6.235421
6.060863
6.034683
6.28596
6.306721
6.21683
6.10638
6.174844
6.268712
6.380258
6.471926
6.561363
6.622205
6.72804
6.863056
6.622252
6.688157
6.640162
6.857868
6.706247
6.625289
6.405614
6.302894
6.347988
6.458585
6.583833
6.469735
6.549453
6.533809
6.364884
6.308152
6.342762
6.447739
6.144134
6.064089
5.928811
5.727546
5.933003
6.012699
6.000346
5.791604
5.734993
5.752559
5.843113
5.884387
5.932501
5.99163
5.95962
6.04331
6.077835
6.042778
6.102315
5.830702
5.799687
5.781779
5.744558
5.650914
5.691801
5.787356
5.741962
5.836827
5.853498
5.744597
5.72512
5.838362
5.683685
5.673881
5.711655
5.827217
5.800101
5.846639
5.732707
5.809442
5.717802
5.721094
5.691713
5.556411
5.608678
5.79496
5.811546
5.819518
5.88093
5.791272
5.640264
5.672012
5.558889
5.312619
5.287092
5.398491
5.259648
5.443189
5.241043
5.260531
5.179315
5.286157
5.329375
5.391126
5.50836
5.431711
5.409492
5.463098
5.645698
5.57018
5.507919
5.663786
5.435543
5.46415
5.649359
5.547585
5.410063
5.443877
5.499101
5.488275
5.649138
5.549473
5.555935
5.690298
5.699488
5.671054
5.641501
5.473909
5.365888
5.41003
5.465967
5.262122
5.082804
5.134101
5.230143
5.175699
5.3418
5.285631
5.290598
5.379487
5.192001
5.381733
5.529172
5.720183
5.780951
5.697179
5.571022
5.650949
5.682084
5.652601
5.447433
5.490434
5.395806
5.482592
5.615655
5.692033
5.769339
5.864975
5.804603
5.827403
5.933582
5.87647
5.785464
5.806454
5.923528
6.097254
5.963153
5.894107
5.83486
5.776447
5.658931
5.65873
5.677985
5.558396
5.471611
5.34232
5.30562
5.266296
5.352108
5.348843
5.065406
5.195225
5.335697
5.254336
5.410463
5.234721
5.25762
5.254009
5.442007
5.466107
5.322736
5.341045
5.480019
5.565856
5.388741
5.438514
5.460616
5.527284
5.521549
5.491008
5.627153
5.653904
5.721067
5.705987
5.625668
5.663544
5.743597
5.809848
5.80758
5.843767
5.932502
5.937249
6.041155
5.985162
6.156446
5.960791
5.991663
5.754063
5.705161
5.589088
5.714834
5.761082
5.742145
5.671624
5.748092
6.037391
5.958157
5.733928
5.686195
5.608376
5.679738
5.756778
5.639176
5.726271
5.894697
6.005921
6.039383
6.053868
5.905995
6.093832
6.114066
6.0552
6.02981
6.114409
6.249125
6.323951
6.239511
6.211662
6.510404
6.354284
6.410829
6.286132
6.198075
6.093264
5.934913
6.003207
6.014007
6.100225
5.933888
6.025022
5.830392
5.93635
6.103968
6.389515
6.3314
6.380736
6.543315
6.464879
6.510299
6.598224
6.73221
6.798273
6.795974
6.724436
6.657788
6.529654
6.549869
6.64995
6.700544
6.681494
6.600248
6.560125
6.422444
6.27805
6.329781
