4.591525
4.2541
4.167337
3.70459
2.844429
2.821434
2.285709
2.552602
2.991297
2.934327
2.68558
2.589754
2.604131
2.723667
2.920667
2.567328
2.382412
2.954342
2.499911
2.350515
2.753765
2.481804
2.832064
2.432886
2.625092
2.817584
2.635735
2.624105
2.787804
2.53805
2.584761
2.566077
2.789521
2.939954
2.639397
2.744395
2.722446
3.038464
3.061378
2.608552
2.542208
2.669333
2.609723
2.675549
2.688467
2.509233
2.569314
2.760987
2.683538
2.55503
2.53267
3.00254
2.645455
2.668072
2.509212
2.717732
2.820904
2.831614
2.667923
2.592658
2.221005
2.933656
2.806568
2.647209
2.952701
2.698986
2.791679
2.96747
2.876825
2.423887
2.536472
2.632412
2.824235
2.610278
2.886515
2.590572
2.689221
2.528797
2.749432
2.39733
2.658016
2.41049
2.786287
2.996089
3.123572
2.551686
3.000737
2.394566
2.357032
2.47477
2.706717
2.681796
2.373512
2.704065
2.393887
2.30083
2.530057
2.795036
2.350667
2.492014
2.578043
2.872939
2.515038
2.484253
2.33969
2.757329
2.612141
2.936579
2.69802
2.9651
2.768466
2.871759
2.410716
2.425641
2.633196
2.5505
2.643028
2.667535
2.771709
2.795429
2.69014
2.26597
2.610917
2.543502
2.54344
2.420273
2.622345
2.760549
2.53396
2.775113
2.669326
2.526737
2.506703
2.613337
2.72069
2.578103
2.837359
2.589308
2.90065
2.400695
2.345644
2.757083
2.639219
2.609469
2.778289
2.586782
2.781221
2.508535
2.917024
2.646285
2.863738
2.681783
2.78208
2.484578
2.885354
2.888836
3.011518
2.442167
2.571031
2.586361
2.820813
2.998135
2.372316
2.851358
2.681495
2.503153
2.5832
2.52946
2.760129
2.483205
2.506232
2.704628
2.618345
2.667765
2.836
2.689186
2.563711
2.375938
2.556484
2.477414
2.395267
2.731716
2.786381
2.741378
2.518257
2.567024
2.931457
2.67621
2.818117
2.495131
2.595229
3.002457
2.807752
2.742553
2.464081
2.575213
2.596351
2.523428
2.616486
3.036345
2.925443
2.703041
2.690295
2.651672
2.573026
2.944166
2.424433
2.500154
2.494374
2.878778
2.852796
2.986482
2.718184
2.372259
2.783428
2.960082
2.576963
2.798169
2.476867
2.703213
2.634915
2.573725
2.902991
2.690344
2.499778
2.667184
2.616986
2.617611
2.718885
2.77861
2.756115
2.71459
2.295985
2.528977
2.808682
2.690739
2.78414
2.608235
2.450442
2.485072
2.829854
2.820759
2.566833
2.901976
2.822537
2.783354
2.769129
2.882907
2.766877
2.906371
3.039314
3.005046
2.437731
2.536139
2.510678
3.165706
2.712762
2.39608
2.653114
2.784109
2.78437
2.724856
2.638037
2.985733
2.487827
2.70345
2.925621
2.569586
2.827331
2.592502
2.632672
2.721994
2.187032
2.514739
2.779067
2.725697
2.234919
2.581881
2.622674
3.034796
2.547756
2.710627
2.724969
3.085882
2.574225
2.391254
2.497219
2.524733
2.860086
2.66801
2.628815
2.849761
2.547326
2.678751
3.035001
2.709731
2.470979
2.727311
2.537299
2.678324
2.799874
2.520111
2.625272
3.077551
2.765308
2.93135
2.320821
3.020223
2.841177
2.81348
2.526528
2.577764
2.768352
2.623187
2.844329
2.441853
2.435563
3.02274
2.668366
2.526225
2.67502
2.512416
2.713648
2.775085
2.738799
2.80685
2.761735
2.820583
2.525249
2.963099
2.572289
2.665695
2.818164
2.671624
2.56277
2.851583
2.870249
2.73452
2.607721
2.685008
2.56047
2.305726
2.752945
2.843981
2.814717
2.743906
2.410129
2.877978
2.7285
2.333798
2.69755
2.958412
2.749494
2.705659
2.529757
2.270611
2.770148
2.757075
2.530656
2.800193
2.77413
2.57199
2.612799
2.665213
2.346369
2.52108
2.729203
2.674033
2.642975
2.829629
2.931346
2.340422
2.391925
2.498644
2.640319
2.823112
2.742122
2.569904
2.626775
2.936125
2.471442
2.786468
2.641336
2.685466
2.765804
2.811997
2.340604
3.004332
2.861489
2.749574
2.864282
2.713768
2.601695
2.737983
2.712747
2.545467
2.343622
2.971841
2.652591
2.825582
2.948979
2.762812
2.532591
2.928591
2.848578
2.602998
2.696517
2.994028
2.577296
2.734792
3.282347
3.120697
2.727417
2.765565
2.745392
2.40621
2.608448
2.740303
2.552435
2.671369
2.453288
3.16316
2.581414
2.663683
2.413088
2.467846
2.993598
2.751966
2.707628
2.915111
2.625729
3.058546
2.913108
2.989487
2.646636
2.658606
2.859317
2.507077
2.998548
2.681646
2.736965
3.05533
2.615682
2.58936
2.90458
3.227821
2.706698
2.88
2.767357
2.702055
2.436063
2.848919
2.543543
2.901918
2.739982
2.54674
2.817116
2.587754
2.819343
2.851967
2.38979
2.77336
2.436344
2.664912
2.777139
2.74271
2.687308
2.585689
2.508407
2.982062
3.06591
2.379214
2.818477
2.509786
2.570517
2.500565
2.757196
2.283276
2.752984
2.429682
2.786636
2.45851
2.56906
2.914516
2.375886
2.546399
3.077531
3.224296
2.602769
2.627013
2.574377
2.686454
2.88217
2.198953
2.635159
2.434552
2.626861
2.690256
3.343541
2.749692
2.619541
2.588652
2.960335
2.728158
2.56701
2.847778
2.396467
2.651226
2.977387
2.82968
2.793691
2.731234
2.427161
2.794261
2.805361
2.389848
2.638799
2.809969
2.626641
2.520337
2.88813
2.71026
3.149423
2.507196
2.488638
2.515352
2.690094
2.761996
2.557005
2.733597
2.93253
2.967203
2.827902
2.639808
2.770716
2.715946
2.749771
2.4682
2.611857
2.63476
2.655707
2.672261
2.384616
2.690265
2.62434
2.922658
2.836009
2.723178
2.631823
2.679498
2.86676
2.733165
2.400568
2.18931
2.792346
2.979048
2.443558
2.633348
2.72213
2.806453
3.428333
2.718146
2.513862
3.000734
2.748283
3.139378
2.734766
2.600578
2.82073
2.680334
2.529507
2.684862
3.034455
2.8743
3.147263
2.345929
2.96623
2.507497
2.976358
2.917809
2.68089
2.336403
2.519624
2.449522
2.745812
2.882537
2.544968
2.563303
2.728143
2.767119
2.742406
2.654438
2.95918
2.391266
2.561392
2.539162
2.905261
2.891799
2.83836
2.952589
